5:	
+-------------+------+------+--------+-------+
| class       | gts  | dets | recall | ap    |
+-------------+------+------+--------+-------+
| aeroplane   | 155  | 198  | 0.852  | 0.799 |
| bicycle     | 177  | 274  | 0.876  | 0.809 |
| bird        | 243  | 333  | 0.741  | 0.656 |
| boat        | 150  | 267  | 0.793  | 0.687 |
| bottle      | 252  | 353  | 0.714  | 0.660 |
| bus         | 114  | 158  | 0.816  | 0.793 |
| car         | 625  | 854  | 0.867  | 0.808 |
| cat         | 190  | 294  | 0.921  | 0.874 |
| chair       | 398  | 768  | 0.759  | 0.642 |
| cow         | 123  | 224  | 0.886  | 0.780 |
| diningtable | 112  | 208  | 0.821  | 0.695 |
| dog         | 257  | 431  | 0.918  | 0.835 |
| horse       | 180  | 265  | 0.917  | 0.885 |
| motorbike   | 172  | 308  | 0.919  | 0.854 |
| person      | 2332 | 3404 | 0.897  | 0.795 |
| pottedplant | 266  | 426  | 0.669  | 0.500 |
| sheep       | 127  | 210  | 0.850  | 0.777 |
| sofa        | 124  | 256  | 0.895  | 0.739 |
| train       | 152  | 213  | 0.928  | 0.888 |
| tvmonitor   | 158  | 194  | 0.823  | 0.779 |
+-------------+------+------+--------+-------+
| mAP         |      |      |        | 0.763 |
+-------------+------+------+--------+-------+

